505,490
485,508
501,519
501,524
508,497
482,471
489,466
498,487
495,489
501,509
503,499
496,479
512,488
490,500
502,518
502,503
497,511
493,496
491,479
508,509
487,511
501,508
517,503
493,484
500,524
502,493
500,448
485,518
524,523
514,505
511,505
507,517
499,513
500,485
489,506
495,505
489,503
513,496
496,515
482,496
500,491
501,478
494,530
504,517
492,502
499,476
500,479
505,503
493,505
503,470
496,515
513,487
501,527
494,532
501,472
497,490
517,488
484,485
504,504
504,483
487,505
480,503
516,472
492,489
483,516
506,494
506,502
515,509
509,520
503,461
494,471
488,509
482,481
509,509
498,528
496,484
521,514
499,503
493,524
502,507
496,480
497,503
490,492
485,480
489,469
491,473
499,502
525,492
484,491
494,498
493,483
489,503
485,542
482,490
510,542
503,519
496,511
505,483
496,519
512,517
502,503
492,544
503,520
507,484
491,484
488,490
485,467
479,512
498,475
493,498
494,519
492,483
502,514
503,499
507,524
497,501
493,494
495,525
494,496
506,504
482,464
490,470
506,503
506,465
480,497
509,486
508,483
498,512
513,450
507,461
505,511
499,518
498,501
491,484
507,494
516,524
504,484
506,514
491,498
507,508
495,495
509,511
505,489
514,498
519,526
504,488
509,484
509,493
508,510
506,505
521,525
502,502
502,523
509,492
486,486
506,527
515,476
520,491
507,511
483,511
481,492
515,515
500,493
505,506
505,500
508,488
500,455
480,489
494,516
508,525
489,500
508,479
518,486
479,484
510,492
486,487
481,483
495,501
507,497
497,499
512,551
516,502
504,497
506,431
491,514
508,505
500,481
496,489
488,489
500,535
495,488
475,486
500,493
488,496
496,502
504,507
486,504
483,490
493,497
494,492
498,503
491,530
496,480
492,493
514,538
498,486
510,488
490,492
491,507
482,520
505,507
501,519
483,504
503,517
516,515
493,504
493,501
490,508
507,488
513,477
491,492
505,489
522,459
487,528
501,516
493,508
503,503
504,491
491,508
508,501
497,548
503,473
504,506
491,495
492,511
500,481
506,505
492,511
502,503
483,515
508,462
518,486
504,483
498,483
498,530
493,501
502,522
488,459
495,495
508,526
507,499
492,503
504,480
480,497
508,508
507,500
498,505
512,528
524,479
510,475
508,490
485,505
505,524
492,470
511,488
497,493
508,496
502,473
509,482
497,512
494,536
507,523
500,495
486,505
482,508
483,464
496,468
497,514
506,530
495,477
492,510
499,521
500,492
506,496
488,511
494,517
484,459
511,498
494,477
515,514
507,508
504,505
503,514
497,500
498,484
505,469
492,510
516,534
490,472
501,513
477,501
513,529
510,504
502,491
507,495
505,527
503,494
510,487
496,500
498,495
486,481
495,506
507,482
505,476
506,483
509,470
520,502
506,497
493,509
494,483
507,476
499,492
510,488
495,478
510,504
488,534
492,511
496,502
498,488
507,520
497,484
500,468
504,503
494,496
493,518
514,512
500,497
497,506
500,527
502,480
500,481
505,457
494,490
505,487
488,517
501,490
528,500
493,504
497,513
508,524
495,449
492,497
496,491
498,498
509,486
498,503
506,469
505,531
503,478
507,511
492,517
492,528
499,511
495,507
511,506
507,509
521,486
488,513
495,529
492,522
506,523
493,505
502,521
488,507
496,510
492,476
501,513
500,488
500,476
505,516
506,569
498,488
502,524
488,524
499,483
487,526
499,467
511,496
497,510
495,524
513,521
490,494
495,477
495,506
501,510
502,497
499,479
501,489
515,506
500,534
509,434
492,509
480,500
482,459
505,474
493,479
491,506
493,508
509,497
488,502
487,454
501,486
511,496
503,479
498,498
507,527
490,531
503,447
493,463
498,461
503,481
491,472
508,509
513,492
493,468
499,513
476,489
492,485
488,515
502,537
516,509
507,484
497,499
500,481
505,486
510,471
508,521
488,496
505,501
496,522
505,529
480,508
516,470
492,489
487,507
509,467
495,488
517,496
498,501
495,507
501,500
508,517
499,529
507,508
499,519
510,512
492,476
485,501
518,460
501,512
488,512
509,481
506,479
489,483
493,489
497,499
508,534
509,474
491,500
520,500
494,509
513,524
497,489
504,487
494,481
494,495
502,505
492,459
513,512
492,495
506,544
502,536
514,513
491,500
509,530
507,517
499,485
499,513
510,493
497,469
504,509
490,494
492,502
485,525
497,459
524,513
491,518
482,491
481,535
489,494
482,513
517,481
494,499
514,493
489,450
505,507
493,495
512,485
504,483
497,485
494,529
486,487
495,503
498,516
501,516
501,457
503,495
516,486
496,528
494,471
500,499
501,496
484,487
507,487
489,494
527,524
509,500
517,504
514,475
509,492
498,511
500,494
475,476
485,495
496,503
495,503
502,475
498,513
508,487
483,480
493,488
488,489
497,485
507,507
505,511
492,476
499,484
491,520
490,511
513,501
499,515
511,499
509,497
489,514
501,524
502,473
513,524
480,488
524,520
486,495
494,509
497,519
511,484
506,490
489,481
506,522
482,510
501,476
512,486
498,496
502,492
505,503
507,474
490,524
493,502
494,558
497,495
501,494
497,473
488,512
479,505
500,540
492,480
501,535
498,498
499,471
497,508
503,513
491,512
488,508
507,476
494,516
503,500
496,520
493,493
499,539
507,481
497,456
488,464
505,476
499,464
512,490
499,505
491,486
518,475
503,480
502,502
486,494
497,546
503,500
507,493
483,502
509,493
512,528
509,518
502,541
498,501
482,501
513,507
497,470
474,470
499,513
482,486
503,509
491,515
493,492
507,512
501,484
497,476
478,507
502,485
501,493
517,527
512,510
497,499
497,481
505,489
498,487
506,499
489,482
499,484
509,517
509,492
510,463
502,479
484,532
509,499
478,501
494,489
492,522
502,541
497,479
518,467
498,516
490,519
511,490
499,477
500,461
489,467
506,504
487,487
494,521
493,518
504,497
509,511
512,513
503,483
512,496
485,506
506,514
492,493
507,521
510,537
518,496
486,497
495,501
502,506
504,458
503,515
490,503
503,466
494,512
490,530
505,507
489,490
489,475
494,503
500,514
484,484
507,549
501,486
479,526
490,480
496,504
503,484
536,488
500,502
499,486
505,517
504,516
507,494
489,509
494,488
492,530
510,476
504,485
500,518
502,498
504,467
489,525
510,543
495,509
490,494
501,501
499,494
506,494
492,555
519,497
479,486
493,510
512,503
495,483
502,511
508,521
509,518
497,519
491,512
495,515
501,501
503,480
516,516
494,519
494,496
499,491
488,486
494,511
522,460
506,490
497,490
494,471
522,461
505,559
510,500
501,521
510,484
504,491
494,513
509,521
489,524
505,466
490,473
487,529
510,503
491,490
502,485
486,503
509,516
489,528
494,491
500,489
487,490
501,519
495,488
515,490
485,490
511,463
492,514
497,504
481,495
496,520
487,516
502,525
490,499
485,500
504,516
504,483
504,517
511,485
511,497
511,508
499,497
507,482
493,511
510,495
493,489
508,470
508,502
503,499
500,456
508,484
493,523
500,504
504,505
514,508
507,476
505,494
479,519
487,477
489,504
509,468
498,504
513,538
504,521
493,511
499,492
495,487
512,515
503,504
495,467
493,512
505,484
505,457
502,517
495,474
509,508
499,508
512,525
514,490
508,499
513,458
502,488
482,487
518,496
512,525
502,457
502,497
498,463
495,515
510,434
488,501
490,505
501,495
498,546
495,521
504,485
494,513
506,471
495,496
501,501
498,474
497,514
475,515
501,493
492,516
499,475
491,473
504,493
510,476
495,471
518,490
501,510
479,538
500,474
522,493
504,512
498,442
510,510
515,515
487,510
512,488
510,496
498,496
499,512
499,455
490,503
503,483
507,507
516,508
513,517
491,486
498,486
488,507
491,487
501,517
496,480
499,497
512,515
485,505
495,515
493,514
507,488
495,529
502,560
499,472
501,539
498,506
502,523
505,518
509,535
504,504
499,536
495,492
477,488
489,479
495,501
497,501
527,520
492,499
503,500
505,492
492,505
503,525
498,503
480,514
490,505
483,490
490,510
494,460
496,488
476,475
510,518
508,524
492,480
503,521
498,523
503,481
501,470
503,526
494,473
499,461
497,501
500,513
493,529
505,479
526,506
478,531
500,494
503,520
513,492
494,531
514,524
496,512
520,518
504,484
517,499
485,493
498,510
496,478
507,475
506,514
490,505
479,481
506,508
505,507
486,546
487,503
499,503
501,505
506,527
509,479
511,467
489,502
510,503
481,494
494,490
507,528
488,524
497,537
493,492
489,479
504,493
512,503
486,474
513,486
502,490
510,489
494,505
511,480
506,507
503,528
510,490
498,488
487,464
510,491
484,514
518,492
497,488
480,515
499,471
510,463
496,514
485,483
499,496
507,511
487,478
497,548
526,490
521,474
501,500
492,542
504,521
497,490
494,503
498,495
485,508
497,516
503,469
496,502
484,534
499,503
483,475
502,516
508,493
498,493
511,507
494,470
501,506
513,491
502,508
491,486
510,528
492,512
500,516
501,503
503,484
516,507
517,507
507,469
497,516
493,487
500,465
505,461
514,501
496,504
610,579
596,626
602,600
608,589
608,568
614,604
611,577
599,635
594,590
592,596
605,607
608,613
592,551
606,606
590,595
597,600
595,598
596,589
610,595
584,628
603,626
601,603
595,574
604,564
592,602
600,614
584,577
591,586
593,617
605,612
593,582
607,607
610,578
611,577
606,609
602,602
609,609
621,607
589,572
612,612
607,645
614,599
614,611
601,634
605,597
591,600
603,592
598,594
602,576
591,621
618,577
584,609
607,618
619,603
606,616
589,617
598,652
607,594
594,582
599,593
605,636
605,619
598,602
594,600
604,606
603,584
609,566
594,598
599,590
588,612
605,631
597,598
587,579
611,598
593,610
587,626
594,605
589,595
592,607
606,638
615,581
608,587
605,620
605,589
600,604
605,633
620,578
596,607
614,588
607,549
608,622
601,552
587,598
593,607
588,577
595,619
597,616
609,608
591,613
610,594
605,612
610,582
604,587
614,585
608,620
599,619
597,623
597,606
590,621
608,615
596,602
585,642
589,604
596,586
577,592
596,596
617,610
618,576
598,609
624,589
621,593
598,569
609,604
601,607
618,612
601,613
595,604
586,578
598,621
606,617
583,595
594,568
570,586
610,631
616,588
615,599
581,581
575,603
605,569
615,606
608,600
597,610
612,595
605,584
601,630
598,591
597,638
602,585
611,615
620,594
603,598
598,606
596,578
617,603
581,593
604,624
610,605
603,614
598,594
578,600
609,572
601,577
595,597
610,598
594,599
591,584
607,635
585,613
599,629
599,619
600,606
593,582
583,603
597,622
600,626
601,585
599,607
605,611
595,602
591,603
601,581
594,603
611,610
606,609
613,616
601,594
596,593
596,582
587,607
605,585
606,577
602,595
604,623
600,627
604,550
619,607
615,623
606,602
599,624
603,601
594,603
595,600
600,594
608,616
600,588
600,614
615,671
594,588
612,600
607,596
616,539
607,617
608,613
593,602
600,626
609,625
578,607
613,638
591,601
607,589
608,600
589,612
584,589
586,552
620,598
591,574
595,589
618,574
603,607
605,595
586,605
588,580
602,625
597,579
602,574
594,612
588,603
593,608
612,602
600,592
604,625
607,559
593,607
598,626
602,583
591,613
598,614
593,619
603,597
587,647
594,631
606,572
611,590
604,624
599,591
599,587
591,605
607,611
604,604
599,604
587,643
613,624
603,572
598,598
584,592
602,569
607,588
595,584
598,602
599,597
618,571
591,616
592,584
591,532
614,595
588,599
610,577
596,612
596,606
605,581
607,615
592,595
609,629
600,574
603,603
610,565
605,600
592,595
599,603
590,619
616,601
594,578
594,597
603,570
602,598
593,607
589,596
604,600
590,633
586,605
590,635
600,576
597,620
595,630
598,601
594,604
594,639
609,576
618,610
589,601
602,604
588,560
603,619
582,629
586,601
593,623
603,575
603,590
594,546
611,593
594,618
596,585
605,642
592,604
617,598
595,590
585,636
598,615
596,600
601,606
597,605
606,595
628,600
598,616
610,628
603,620
585,574
620,589
593,600
586,607
592,631
603,593
599,618
603,604
611,625
611,596
603,612
599,618
609,613
591,615
608,586
594,584
584,586
596,573
600,598
594,593
603,617
600,564
590,577
594,604
589,585
615,550
616,608
600,617
605,596
601,604
597,625
591,578
589,616
590,609
607,634
587,593
588,581
595,610
598,609
597,573
592,596
581,636
589,603
583,619
606,591
600,586
598,627
588,612
608,587
624,592
593,605
583,581
605,618
609,605
598,602
590,563
580,639
602,590
603,600
603,560
594,589
598,580
599,582
600,591
571,571
611,603
595,633
617,588
585,620
603,581
598,571
593,588
618,589
586,595
606,575
605,586
590,585
594,597
615,601
575,600
613,604
589,622
598,609
601,612
603,609
601,600
592,605
602,600
597,599
613,605
590,641
599,611
621,612
600,601
598,622
596,570
595,587
600,567
598,630
597,593
588,569
599,580
596,594
613,617
600,556
588,589
592,607
584,590
602,620
583,620
590,578
599,602
606,618
587,560
608,615
611,575
601,591
601,576
586,606
585,611
605,585
616,599
606,562
608,578
601,613
595,600
601,590
604,586
605,572
596,606
597,570
599,613
606,589
609,585
587,611
607,586
626,631
593,584
587,597
589,597
624,580
596,606
599,565
592,593
595,613
603,626
603,610
601,618
598,598
602,601
604,586
601,586
592,640
590,588
586,612
600,626
615,580
605,608
581,591
577,591
601,594
598,569
594,597
595,631
603,611
590,599
618,627
599,617
622,595
606,594
596,590
616,606
601,614
589,613
596,631
595,579
600,573
595,599
594,570
602,611
600,619
606,583
587,603
612,597
612,583
582,613
604,597
601,605
602,591
602,618
616,600
585,617
600,584
607,610
618,617
606,588
594,615
620,620
581,602
597,579
602,613
594,584
602,626
595,568
618,616
604,628
617,600
612,575
592,653
598,585
598,556
593,557
590,607
611,562
595,596
599,600
610,592
598,627
603,584
600,603
603,585
593,594
589,614
590,593
598,618
604,604
612,609
605,565
591,574
609,576
609,634
592,637
613,604
607,634
599,609
587,611
590,592
606,585
604,635
605,584
605,587
615,600
596,603
594,618
593,607
584,569
594,561
601,606
587,604
600,551
597,597
609,613
586,618
600,590
607,623
591,583
604,595
599,624
584,625
596,583
620,629
597,578
613,607
612,597
607,589
607,613
597,614
604,599
610,627
587,618
594,607
594,599
595,604
597,585
588,601
613,591
602,576
601,622
600,578
600,577
586,619
591,582
597,581
586,583
606,597
591,591
625,588
610,600
610,587
598,599
597,571
607,606
613,605
587,614
600,613
590,614
592,632
583,582
611,589
609,595
592,581
615,613
591,594
591,612
610,600
608,606
603,604
592,587
596,597
603,583
614,593
607,566
610,556
614,591
594,648
606,594
606,575
587,618
583,584
583,559
620,566
572,595
603,595
604,584
614,598
620,596
607,588
602,638
609,618
577,596
599,613
591,573
594,586
599,604
609,589
595,594
589,583
603,600
589,597
602,584
608,587
605,626
586,604
590,590
611,624
579,634
609,618
611,624
594,596
611,608
585,591
594,611
611,588
600,600
615,605
604,613
603,597
598,569
594,597
616,614
602,600
589,604
575,605
614,604
602,575
584,607
589,617
611,621
578,567
627,585
611,581
586,621
595,626
594,617
609,589
607,581
597,600
605,599
609,613
600,639
592,592
611,621
599,603
596,581
583,584
590,630
594,607
594,573
601,594
594,576
603,629
612,613
606,573
592,593
606,618
594,589
581,586
600,581
587,588
613,633
587,612
586,593
618,603
612,634
619,613
589,611
585,607
596,611
601,576
583,617
593,597
600,593
612,601
583,593
564,611
607,606
618,578
593,611
609,599
601,619
606,564
604,605
595,609
596,596
600,572
595,598
583,597
616,620
609,576
594,606
595,564
593,606
603,594
602,601
604,611
596,578
586,589
607,582
616,607
596,630
592,612
596,574
620,588
589,596
600,618
596,579
606,575
595,606
604,587
611,611
598,617
582,563
601,563
611,591
611,604
600,609
600,585
588,599
609,564
610,585
597,601
610,575
609,579
591,639
606,601
613,595
601,622
585,620
577,598
602,624
591,631
589,593
590,600
587,600
600,549
590,617
592,584
604,596
610,635
603,594
616,584
625,603
609,605
586,599
612,619
589,638
608,595
600,603
609,589
597,609
607,621
587,599
594,570
603,596
612,594
589,588
594,591
598,615
596,634
589,603
608,588
604,618
603,591
609,622
589,603
608,572
592,596
597,622
605,604
593,582
601,577
603,627
602,540
602,560
606,617
629,616
590,602
608,600
578,625
607,569
600,574
591,615
598,636
620,581
598,585
605,653
601,591
596,586
600,620
588,601
625,596
619,580
607,609
616,579
596,589
589,631
589,608
616,615
591,598
608,619
590,621
601,570
589,585
603,576
581,600
598,624
614,577
604,597
594,614
601,597
598,615
593,580
588,616
587,627
584,583
599,588
588,619
593,591
588,650
594,595
597,616
600,589
590,585
595,614
615,589
588,601
591,595
590,610
587,576
596,614
612,613
594,598
610,596
604,600
626,570
601,597
608,613
605,599
595,627
609,609
596,590
581,593
599,633
609,624
593,630
589,573
605,601
621,608
613,579
600,583
615,571
599,578
599,603
579,594
594,612
617,591
618,608
594,614
595,620
610,620
601,588
607,600
596,574
593,605
591,580
604,568
606,614
600,596
582,596
576,625
599,579
616,594
582,593
608,638
597,612
602,611
595,574
599,592
610,618
620,588
614,596
594,601
610,583
598,580
590,598
607,586
606,557
611,614
608,597
603,624
594,600
588,589
605,584
601,610
606,590
593,588
603,599
592,571
590,596
597,613
588,637
607,622
589,625
596,618
613,553
576,625
603,610
600,559
597,586
618,582
598,631
588,575
593,624
612,595
588,594
588,603
626,610
593,615
598,574
585,604
593,603
602,597
607,556
614,612
604,631
589,601
599,622
602,604
596,578
587,592
603,584
610,622
603,593
615,581
583,599
604,626
605,604
607,590
596,607
590,612
588,607
575,614
622,565
609,605
612,604
604,593
602,599
601,643
